1 A 61.00 358.00 393.80 590.70 12010.90 2522.29
2 B 14.00 35.00 38.50 57.75 269.50 56.59
3 C 651.00 32.00 35.20 52.80 11457.60 2406.10
4 D 156.00 2454.00 2699.40 4049.10 210553.20 44216.17
5 E 68.00 6.00 6.60 9.90 224.40 47.12
6 F 61.00 35.00 38.50 57.75 1174.25 246.59
7 G 56185.00 385.00 423.50 635.25 11897173.75 2498406.49

1 A 29.00 38.00 41.80 62.70 606.10 127.28
2 B 1456.00 78.00 85.80 128.70 62462.40 13117.10
3 C 167.00 35.00 38.50 57.75 3214.75 675.10
4 D 61.00 65.00 71.50 107.25 2180.75 457.96
5 E 68.00 516.00 567.60 851.40 19298.40 4052.66
6 F 19.00 8.00 8.80 13.20 83.60 17.56
7 G 167.00 52.00 57.20 85.80 4776.20 1003.00

